0.00 
0.71 
1.41 
2.12 
2.82 
3.53 
4.23 
4.94 
5.65 
6.35 
7.06 
7.76 
8.47 
9.18 
9.88 
10.59 
11.29 
12.00 
12.70 
13.41 
14.12 
14.82 
15.53 
16.23 
16.94 
17.65 
18.35 
19.06 
19.76 
20.47 
21.17 
21.88 
22.59 
23.29 
24.00 
24.70 
25.41 
26.11 
26.82 
27.53 
28.23 
28.94 
29.64 
30.35 
31.06 
31.76 
32.47 
33.17 
33.88 
34.58 
35.29 
36.00 
36.70 
37.41 
38.11 
38.82 
39.52 
40.23 
40.94 
41.64 
42.35 
43.05 
43.76 
44.47 
45.17 
45.88 
46.58 
47.29 
47.99 
48.70 
49.41 
50.11 
50.82 
51.52 
52.23 
52.93 
53.64 
54.35 
55.05 
55.76 
56.46 
57.17 
57.88 
58.58 
59.29 
59.99 
60.70 
61.40 
62.11 
62.82 
63.52 
64.23 
64.93 
65.64 
66.35 
67.05 
67.76 
68.46 
69.17 
69.87 
70.58 
71.29 
71.99 
72.70 
73.40 
74.11 
74.81 
75.52 
76.23 
76.93 
77.64 
78.34 
79.05 
79.76 
80.46 
81.17 
81.87 
82.58 
83.28 
83.99 
84.70 
85.40 
86.11 
86.81 
87.52 
88.22 
88.93 
89.64 
90.34 
91.05 
91.75 
92.46 
93.17 
93.87 
94.58 
95.28 
95.99 
96.69 
97.40 
98.11 
98.81 
99.52 
100.22 
100.93 
101.64 
102.34 
103.05 
103.75 
104.46 
105.16 
105.87 
106.58 
107.28 
107.99 
108.69 
109.40 
110.10 
110.81 
111.52 
112.22 
112.93 
113.63 
114.34 
115.05 
115.75 
116.46 
117.16 
117.87 
118.57 
119.28 
119.99 
120.69 
121.40 
122.10 
122.81 
123.52 
124.22 
124.93 
125.63 
126.34 
127.04 
127.75 
128.46 
129.16 
129.87 
130.57 
131.28 
131.98 
132.69 
133.40 
134.10 
134.81 
135.51 
136.22 
136.93 
137.63 
138.34 
139.04 
139.75 
140.45 
141.16 
141.87 
142.57 
143.28 
143.98 
144.69 
145.39 
146.10 
146.81 
147.51 
148.22 
148.92 
149.63 
150.34 
151.04 
151.75 
152.45 
153.16 
153.86 
154.57 
155.28 
155.98 
156.69 
157.39 
158.10 
158.81 
159.51 
160.22 
160.92 
161.63 
162.33 
