0.00 
1.249 
2.498 
3.747 
4.996 
6.245 
7.494 
8.743 
9.992 
11.241 
12.490 
13.739 
14.988 
16.237 
17.486 
18.735 
19.984 
21.233 
22.482 
23.731 
24.980 
26.229 
27.478 
28.727 
29.976 
31.225 
32.474 
33.723 
34.972 
36.221 
37.470 
38.719 
39.968 
41.217 
42.466 
43.715 
44.964 
46.213 
47.462 
48.711 
49.960 
51.209 
52.458 
53.707 
54.956 
56.205 
57.454 
58.703 
59.952 
61.201 
62.450 
63.699 
64.948 
66.197 
67.446 
68.695 
69.944 
71.193 
72.442 
73.691 
74.940 
76.189 
77.438 
78.687 
79.936 
81.185 
82.434 
83.683 
84.932 
86.181 
87.430 
88.679 
89.928 
91.177 
92.426 
93.675 
94.924 
96.173 
97.422 
98.671 
99.920 
101.169 
102.418 
103.667 
104.916 
106.165 
107.414 
108.663 
109.912 
111.161 
112.410 
113.659 
114.908 
116.157 
117.406 
118.655 
119.904 
121.153 
122.402 
123.651 
124.900 
126.149 
127.398 
128.647 
129.896 
131.145 
132.394 
133.643 
134.892 
136.141 
137.390 
138.639 
139.888 
141.137 
142.386 
143.635 
144.884 
146.133 
147.382 
148.631 
149.880 
151.129 
152.378 
153.627 
154.876 
156.125 
157.374 
158.623 
159.872 
161.121 
162.370 
163.619 
164.868 
166.117 
167.366 
168.615 
169.864 
171.113 
172.362 
173.611 
174.860 
176.109 
177.358 
178.607 
179.856 
181.105 
182.354 
183.603 
184.852 
186.101 
187.350 
188.599 
189.848 
191.097 
192.346 
193.595 
194.844 
196.093 
197.342 
198.591 
199.840 
201.089 
202.338 
203.587 
204.836 
206.085 
207.334 
208.583 
209.832 
211.081 
212.330 
213.579 
214.828 
216.077 
217.326 
218.575 
219.824 
221.073 
222.322 
223.571 
224.820 
226.069 
227.318 
228.567 
229.816 
231.065 
232.314 
233.563 
234.812 
236.061 
237.310 
238.559 
239.808 
241.057 
242.306 
243.555 
244.804 
246.053 
