0.00 
1.285 
2.570 
3.855 
5.140 
6.425 
7.710 
8.995 
10.280 
11.565 
12.850 
14.135 
15.420 
16.705 
17.990 
19.275 
20.560 
21.845 
23.130 
24.415 
25.700 
26.985 
28.270 
29.555 
30.840 
32.125 
33.410 
34.695 
35.980 
37.265 
38.550 
39.835 
41.120 
42.405 
43.690 
44.975 
46.260 
47.545 
48.830 
50.115 
51.400 
52.685 
53.970 
55.255 
56.540 
57.825 
59.110 
60.395 
61.680 
62.965 
64.250 
65.535 
66.820 
68.105 
69.390 
70.675 
71.960 
73.245 
74.530 
75.815 
77.100 
78.385 
79.670 
80.955 
82.240 
83.525 
84.810 
86.095 
87.380 
88.665 
89.950 
91.235 
92.520 
93.805 
95.090 
96.375 
97.660 
98.945 
100.230 
101.515 
102.800 
104.085 
105.370 
106.655 
107.940 
109.225 
110.510 
111.795 
113.080 
114.365 
115.650 
116.935 
118.220 
119.505 
120.790 
122.075 
123.360 
124.645 
125.930 
127.215 
128.500 
129.785 
131.070 
132.355 
133.640 
134.925 
136.210 
137.495 
138.780 
140.065 
141.350 
142.635 
143.920 
145.205 
146.490 
147.775 
149.060 
150.345 
151.630 
152.915 
154.200 
155.485 
156.770 
158.055 
159.340 
160.625 
161.910 
163.195 
164.480 
165.765 
167.050 
168.335 
169.620 
170.905 
172.190 
173.475 
174.760 
176.045 
177.330 
178.615 
179.900 
181.185 
182.470 
183.755 
185.040 
186.325 
187.610 
188.895 
190.180 
191.465 
192.750 
194.035 
195.320 
196.605 
197.890 
199.175 
200.460 
201.745 
203.030 
204.315 
205.600 
206.885 
208.170 
209.455 
210.740 
212.025 
213.310 
214.595 
215.880 
217.165 
218.450 
219.735 
221.020 
222.305 
223.590 
