0.00 
1.034 
2.068 
3.102 
4.136 
5.170 
6.204 
7.238 
8.272 
9.306 
10.340 
11.374 
12.408 
13.442 
14.476 
15.510 
16.544 
17.578 
18.612 
19.646 
20.680 
21.714 
22.748 
23.782 
24.816 
25.850 
26.884 
27.918 
28.952 
29.986 
31.020 
32.054 
33.088 
34.122 
35.156 
36.190 
37.224 
38.258 
39.292 
40.326 
41.360 
42.394 
43.428 
44.462 
45.496 
46.530 
47.564 
48.598 
49.632 
50.666 
51.700 
52.734 
53.768 
54.802 
55.836 
56.870 
57.904 
58.938 
59.972 
61.006 
62.040 
63.074 
64.108 
65.142 
66.176 
67.210 
68.244 
69.278 
70.312 
71.346 
72.380 
73.414 
74.448 
75.482 
76.516 
77.550 
78.584 
79.618 
80.652 
81.686 
82.720 
83.754 
84.788 
85.822 
86.856 
87.890 
88.924 
89.958 
90.992 
92.026 
93.060 
94.094 
95.128 
96.162 
97.196 
98.230 
99.264 
100.298 
101.332 
102.366 
103.400 
104.434 
105.468 
106.502 
107.536 
108.570 
109.604 
110.638 
111.672 
112.706 
113.740 
114.774 
115.808 
116.842 
117.876 
118.910 
119.944 
120.978 
122.012 
123.046 
124.080 
125.114 
126.148 
127.182 
128.216 
129.250 
130.284 
131.318 
132.352 
133.386 
134.420 
135.454 
136.488 
137.522 
138.556 
139.590 
140.624 
141.658 
142.692 
143.726 
144.760 
145.794 
146.828 
147.862 
148.896 
149.930 
150.964 
151.998 
153.032 
154.066 
155.100 
156.134 
157.168 
158.202 
159.236 
160.270 
161.304 
162.338 
163.372 
164.406 
165.440 
166.474 
167.508 
168.542 
169.576 
170.610 
171.644 
172.678 
173.712 
174.746 
175.780 
176.814 
